mjd
58623.716958197
58623.716997034
58623.717075743
58623.717421629
58963.766862939
58963.790991383
58991.684351079
58991.68613787
58991.686875951
58991.704636888
58991.704638485
58991.717697335
58991.717878516
58991.718217265
58991.71821767
58991.718218082
58991.735450006
58991.750640038
58991.75064079
59060.484475154
59060.507858658
59060.5259606
59061.512755579
59061.51275578
59061.516277966
59061.516278904
59061.516279436
59061.524341261
59061.535633328
59061.536568858
59061.536569628
59061.53790382
59061.539298603
59061.5418281
59067.467544345
59067.486738799
59067.486739378
59067.50269188
59067.509899127
59067.53524646
59069.495909561
59069.501196109
59069.514994796
59071.472522775
59071.472523007
59071.491696655
59073.496887082
59073.515256071
59073.515256881
59075.454353002
59075.454862469
59075.472181012
59075.484186304
59075.496463775
59077.448938437
59077.448939131
59077.449538432
59077.449939184
59077.449939372
59077.460100338
59077.460503968
59077.466295203
59077.468715062
59077.469903193
59077.475047947
59077.475330491
59077.477447949
59077.485451841
59077.485451957
59077.490027004
59077.491413589
59077.497806611
59077.497957805
59077.498960966
59089.428163703
59089.436165435
59111.370525959
59111.370526098
59111.370978062
